211 100 11001 piPlus_100GeV 1
211 100 11002 piPlus_100GeV 2
211 100 11003 piPlus_100GeV 3
211 100 11004 piPlus_100GeV 4
211 100 11005 piPlus_100GeV 5
211 100 11006 piPlus_100GeV 6
211 100 11007 piPlus_100GeV 7
211 100 11008 piPlus_100GeV 8
211 100 11009 piPlus_100GeV 9
211 100 11010 piPlus_100GeV 10
211 100 11011 piPlus_100GeV 11
211 100 11012 piPlus_100GeV 12
211 100 11013 piPlus_100GeV 13
211 100 11014 piPlus_100GeV 14
211 100 11015 piPlus_100GeV 15
211 100 11016 piPlus_100GeV 16
211 100 11017 piPlus_100GeV 17
211 100 11018 piPlus_100GeV 18
211 100 11019 piPlus_100GeV 19
211 100 11020 piPlus_100GeV 20
211 100 11021 piPlus_100GeV 21
211 100 11022 piPlus_100GeV 22
211 100 11023 piPlus_100GeV 23
211 100 11024 piPlus_100GeV 24
211 100 11025 piPlus_100GeV 25
211 100 11026 piPlus_100GeV 26
211 100 11027 piPlus_100GeV 27
211 100 11028 piPlus_100GeV 28
211 100 11029 piPlus_100GeV 29
211 100 11030 piPlus_100GeV 30
211 100 11031 piPlus_100GeV 31
211 100 11032 piPlus_100GeV 32
211 100 11033 piPlus_100GeV 33
211 100 11034 piPlus_100GeV 34
211 100 11035 piPlus_100GeV 35
211 100 11036 piPlus_100GeV 36
211 100 11037 piPlus_100GeV 37
211 100 11038 piPlus_100GeV 38
211 100 11039 piPlus_100GeV 39
211 100 11040 piPlus_100GeV 40
211 100 11041 piPlus_100GeV 41
211 100 11042 piPlus_100GeV 42
211 100 11043 piPlus_100GeV 43
211 100 11044 piPlus_100GeV 44
211 100 11045 piPlus_100GeV 45
211 100 11046 piPlus_100GeV 46
211 100 11047 piPlus_100GeV 47
211 100 11048 piPlus_100GeV 48
211 100 11049 piPlus_100GeV 49
211 100 11050 piPlus_100GeV 50
211 100 11051 piPlus_100GeV 51
211 100 11052 piPlus_100GeV 52
211 100 11053 piPlus_100GeV 53
211 100 11054 piPlus_100GeV 54
211 100 11055 piPlus_100GeV 55
211 100 11056 piPlus_100GeV 56
211 100 11057 piPlus_100GeV 57
211 100 11058 piPlus_100GeV 58
211 100 11059 piPlus_100GeV 59
211 100 11060 piPlus_100GeV 60
211 100 11061 piPlus_100GeV 61
211 100 11062 piPlus_100GeV 62
211 100 11063 piPlus_100GeV 63
211 100 11064 piPlus_100GeV 64
211 100 11065 piPlus_100GeV 65
211 100 11066 piPlus_100GeV 66
211 100 11067 piPlus_100GeV 67
211 100 11068 piPlus_100GeV 68
211 100 11069 piPlus_100GeV 69
211 100 11070 piPlus_100GeV 70
211 100 11071 piPlus_100GeV 71
211 100 11072 piPlus_100GeV 72
211 100 11073 piPlus_100GeV 73
211 100 11074 piPlus_100GeV 74
211 100 11075 piPlus_100GeV 75
211 100 11076 piPlus_100GeV 76
211 100 11077 piPlus_100GeV 77
211 100 11078 piPlus_100GeV 78
211 100 11079 piPlus_100GeV 79
211 100 11080 piPlus_100GeV 80
211 100 11081 piPlus_100GeV 81
211 100 11082 piPlus_100GeV 82
211 100 11083 piPlus_100GeV 83
211 100 11084 piPlus_100GeV 84
211 100 11085 piPlus_100GeV 85
211 100 11086 piPlus_100GeV 86
211 100 11087 piPlus_100GeV 87
211 100 11088 piPlus_100GeV 88
211 100 11089 piPlus_100GeV 89
211 100 11090 piPlus_100GeV 90
211 100 11091 piPlus_100GeV 91
211 100 11092 piPlus_100GeV 92
211 100 11093 piPlus_100GeV 93
211 100 11094 piPlus_100GeV 94
211 100 11095 piPlus_100GeV 95
211 100 11096 piPlus_100GeV 96
211 100 11097 piPlus_100GeV 97
211 100 11098 piPlus_100GeV 98
211 100 11099 piPlus_100GeV 99
-211 300 31001 piMinus_300GeV 1
-211 300 31002 piMinus_300GeV 2
-211 300 31003 piMinus_300GeV 3
-211 300 31004 piMinus_300GeV 4
-211 300 31005 piMinus_300GeV 5
-211 300 31006 piMinus_300GeV 6
-211 300 31007 piMinus_300GeV 7
-211 300 31008 piMinus_300GeV 8
-211 300 31009 piMinus_300GeV 9
-211 300 31010 piMinus_300GeV 10
-211 300 31011 piMinus_300GeV 11
-211 300 31012 piMinus_300GeV 12
-211 300 31013 piMinus_300GeV 13
-211 300 31014 piMinus_300GeV 14
-211 300 31015 piMinus_300GeV 15
-211 300 31016 piMinus_300GeV 16
-211 300 31017 piMinus_300GeV 17
-211 300 31018 piMinus_300GeV 18
-211 300 31019 piMinus_300GeV 19
-211 300 31020 piMinus_300GeV 20
-211 300 31021 piMinus_300GeV 21
-211 300 31022 piMinus_300GeV 22
-211 300 31023 piMinus_300GeV 23
-211 300 31024 piMinus_300GeV 24
-211 300 31025 piMinus_300GeV 25
-211 300 31026 piMinus_300GeV 26
-211 300 31027 piMinus_300GeV 27
-211 300 31028 piMinus_300GeV 28
-211 300 31029 piMinus_300GeV 29
-211 300 31030 piMinus_300GeV 30
-211 300 31031 piMinus_300GeV 31
-211 300 31032 piMinus_300GeV 32
-211 300 31033 piMinus_300GeV 33
-211 300 31034 piMinus_300GeV 34
-211 300 31035 piMinus_300GeV 35
-211 300 31036 piMinus_300GeV 36
-211 300 31037 piMinus_300GeV 37
-211 300 31038 piMinus_300GeV 38
-211 300 31039 piMinus_300GeV 39
-211 300 31040 piMinus_300GeV 40
-211 300 31041 piMinus_300GeV 41
-211 300 31042 piMinus_300GeV 42
-211 300 31043 piMinus_300GeV 43
-211 300 31044 piMinus_300GeV 44
-211 300 31045 piMinus_300GeV 45
-211 300 31046 piMinus_300GeV 46
-211 300 31047 piMinus_300GeV 47
-211 300 31048 piMinus_300GeV 48
-211 300 31049 piMinus_300GeV 49
-211 300 31050 piMinus_300GeV 50
-211 300 31051 piMinus_300GeV 51
-211 300 31052 piMinus_300GeV 52
-211 300 31053 piMinus_300GeV 53
-211 300 31054 piMinus_300GeV 54
-211 300 31055 piMinus_300GeV 55
-211 300 31056 piMinus_300GeV 56
-211 300 31057 piMinus_300GeV 57
-211 300 31058 piMinus_300GeV 58
-211 300 31059 piMinus_300GeV 59
-211 300 31060 piMinus_300GeV 60
-211 300 31061 piMinus_300GeV 61
-211 300 31062 piMinus_300GeV 62
-211 300 31063 piMinus_300GeV 63
-211 300 31064 piMinus_300GeV 64
-211 300 31065 piMinus_300GeV 65
-211 300 31066 piMinus_300GeV 66
-211 300 31067 piMinus_300GeV 67
-211 300 31068 piMinus_300GeV 68
-211 300 31069 piMinus_300GeV 69
-211 300 31070 piMinus_300GeV 70
-211 300 31071 piMinus_300GeV 71
-211 300 31072 piMinus_300GeV 72
-211 300 31073 piMinus_300GeV 73
-211 300 31074 piMinus_300GeV 74
-211 300 31075 piMinus_300GeV 75
-211 300 31076 piMinus_300GeV 76
-211 300 31077 piMinus_300GeV 77
-211 300 31078 piMinus_300GeV 78
-211 300 31079 piMinus_300GeV 79
-211 300 31080 piMinus_300GeV 80
-211 300 31081 piMinus_300GeV 81
-211 300 31082 piMinus_300GeV 82
-211 300 31083 piMinus_300GeV 83
-211 300 31084 piMinus_300GeV 84
-211 300 31085 piMinus_300GeV 85
-211 300 31086 piMinus_300GeV 86
-211 300 31087 piMinus_300GeV 87
-211 300 31088 piMinus_300GeV 88
-211 300 31089 piMinus_300GeV 89
-211 300 31090 piMinus_300GeV 90
-211 300 31091 piMinus_300GeV 91
-211 300 31092 piMinus_300GeV 92
-211 300 31093 piMinus_300GeV 93
-211 300 31094 piMinus_300GeV 94
-211 300 31095 piMinus_300GeV 95
-211 300 31096 piMinus_300GeV 96
-211 300 31097 piMinus_300GeV 97
-211 300 31098 piMinus_300GeV 98
-211 300 31099 piMinus_300GeV 99
