211 100 12000 piPlus_100GeV_15k 0
211 100 12001 piPlus_100GeV_15k 1
211 100 12002 piPlus_100GeV_15k 2
211 100 12003 piPlus_100GeV_15k 3
211 100 12004 piPlus_100GeV_15k 4
211 100 12005 piPlus_100GeV_15k 5
211 100 12006 piPlus_100GeV_15k 6
211 100 12007 piPlus_100GeV_15k 7
211 100 12008 piPlus_100GeV_15k 8
211 100 12009 piPlus_100GeV_15k 9
211 100 12010 piPlus_100GeV_15k 10
211 100 12011 piPlus_100GeV_15k 11
211 100 12012 piPlus_100GeV_15k 12
211 100 12013 piPlus_100GeV_15k 13
211 100 12014 piPlus_100GeV_15k 14
211 100 12015 piPlus_100GeV_15k 15
211 100 12016 piPlus_100GeV_15k 16
211 100 12017 piPlus_100GeV_15k 17
211 100 12018 piPlus_100GeV_15k 18
211 100 12019 piPlus_100GeV_15k 19
211 100 12020 piPlus_100GeV_15k 20
211 100 12021 piPlus_100GeV_15k 21
211 100 12022 piPlus_100GeV_15k 22
211 100 12023 piPlus_100GeV_15k 23
211 100 12024 piPlus_100GeV_15k 24
211 100 12025 piPlus_100GeV_15k 25
211 100 12026 piPlus_100GeV_15k 26
211 100 12027 piPlus_100GeV_15k 27
211 100 12028 piPlus_100GeV_15k 28
211 100 12029 piPlus_100GeV_15k 29
211 100 12030 piPlus_100GeV_15k 30
211 100 12031 piPlus_100GeV_15k 31
211 100 12032 piPlus_100GeV_15k 32
211 100 12033 piPlus_100GeV_15k 33
211 100 12034 piPlus_100GeV_15k 34
211 100 12035 piPlus_100GeV_15k 35
211 100 12036 piPlus_100GeV_15k 36
211 100 12037 piPlus_100GeV_15k 37
211 100 12038 piPlus_100GeV_15k 38
211 100 12039 piPlus_100GeV_15k 39
211 100 12040 piPlus_100GeV_15k 40
211 100 12041 piPlus_100GeV_15k 41
211 100 12042 piPlus_100GeV_15k 42
211 100 12043 piPlus_100GeV_15k 43
211 100 12044 piPlus_100GeV_15k 44
211 100 12045 piPlus_100GeV_15k 45
211 100 12046 piPlus_100GeV_15k 46
211 100 12047 piPlus_100GeV_15k 47
211 100 12048 piPlus_100GeV_15k 48
211 100 12049 piPlus_100GeV_15k 49
211 100 12050 piPlus_100GeV_15k 50
211 100 12051 piPlus_100GeV_15k 51
211 100 12052 piPlus_100GeV_15k 52
211 100 12053 piPlus_100GeV_15k 53
211 100 12054 piPlus_100GeV_15k 54
211 100 12055 piPlus_100GeV_15k 55
211 100 12056 piPlus_100GeV_15k 56
211 100 12057 piPlus_100GeV_15k 57
211 100 12058 piPlus_100GeV_15k 58
211 100 12059 piPlus_100GeV_15k 59
211 100 12060 piPlus_100GeV_15k 60
211 100 12061 piPlus_100GeV_15k 61
211 100 12062 piPlus_100GeV_15k 62
211 100 12063 piPlus_100GeV_15k 63
211 100 12064 piPlus_100GeV_15k 64
211 100 12065 piPlus_100GeV_15k 65
211 100 12066 piPlus_100GeV_15k 66
211 100 12067 piPlus_100GeV_15k 67
211 100 12068 piPlus_100GeV_15k 68
211 100 12069 piPlus_100GeV_15k 69
211 100 12070 piPlus_100GeV_15k 70
211 100 12071 piPlus_100GeV_15k 71
211 100 12072 piPlus_100GeV_15k 72
211 100 12073 piPlus_100GeV_15k 73
211 100 12074 piPlus_100GeV_15k 74
211 100 12075 piPlus_100GeV_15k 75
211 100 12076 piPlus_100GeV_15k 76
211 100 12077 piPlus_100GeV_15k 77
211 100 12078 piPlus_100GeV_15k 78
211 100 12079 piPlus_100GeV_15k 79
211 100 12080 piPlus_100GeV_15k 80
211 100 12081 piPlus_100GeV_15k 81
211 100 12082 piPlus_100GeV_15k 82
211 100 12083 piPlus_100GeV_15k 83
211 100 12084 piPlus_100GeV_15k 84
211 100 12085 piPlus_100GeV_15k 85
211 100 12086 piPlus_100GeV_15k 86
211 100 12087 piPlus_100GeV_15k 87
211 100 12088 piPlus_100GeV_15k 88
211 100 12089 piPlus_100GeV_15k 89
211 100 12090 piPlus_100GeV_15k 90
211 100 12091 piPlus_100GeV_15k 91
211 100 12092 piPlus_100GeV_15k 92
211 100 12093 piPlus_100GeV_15k 93
211 100 12094 piPlus_100GeV_15k 94
211 100 12095 piPlus_100GeV_15k 95
211 100 12096 piPlus_100GeV_15k 96
211 100 12097 piPlus_100GeV_15k 97
211 100 12098 piPlus_100GeV_15k 98
211 100 12099 piPlus_100GeV_15k 99
211 100 12100 piPlus_100GeV_15k 100
211 100 12101 piPlus_100GeV_15k 101
211 100 12102 piPlus_100GeV_15k 102
211 100 12103 piPlus_100GeV_15k 103
211 100 12104 piPlus_100GeV_15k 104
211 100 12105 piPlus_100GeV_15k 105
211 100 12106 piPlus_100GeV_15k 106
211 100 12107 piPlus_100GeV_15k 107
211 100 12108 piPlus_100GeV_15k 108
211 100 12109 piPlus_100GeV_15k 109
211 100 12110 piPlus_100GeV_15k 110
211 100 12111 piPlus_100GeV_15k 111
211 100 12112 piPlus_100GeV_15k 112
211 100 12113 piPlus_100GeV_15k 113
211 100 12114 piPlus_100GeV_15k 114
211 100 12115 piPlus_100GeV_15k 115
211 100 12116 piPlus_100GeV_15k 116
211 100 12117 piPlus_100GeV_15k 117
211 100 12118 piPlus_100GeV_15k 118
211 100 12119 piPlus_100GeV_15k 119
211 100 12120 piPlus_100GeV_15k 120
211 100 12121 piPlus_100GeV_15k 121
211 100 12122 piPlus_100GeV_15k 122
211 100 12123 piPlus_100GeV_15k 123
211 100 12124 piPlus_100GeV_15k 124
211 100 12125 piPlus_100GeV_15k 125
211 100 12126 piPlus_100GeV_15k 126
211 100 12127 piPlus_100GeV_15k 127
211 100 12128 piPlus_100GeV_15k 128
211 100 12129 piPlus_100GeV_15k 129
211 100 12130 piPlus_100GeV_15k 130
211 100 12131 piPlus_100GeV_15k 131
211 100 12132 piPlus_100GeV_15k 132
211 100 12133 piPlus_100GeV_15k 133
211 100 12134 piPlus_100GeV_15k 134
211 100 12135 piPlus_100GeV_15k 135
211 100 12136 piPlus_100GeV_15k 136
211 100 12137 piPlus_100GeV_15k 137
211 100 12138 piPlus_100GeV_15k 138
211 100 12139 piPlus_100GeV_15k 139
211 100 12140 piPlus_100GeV_15k 140
211 100 12141 piPlus_100GeV_15k 141
211 100 12142 piPlus_100GeV_15k 142
211 100 12143 piPlus_100GeV_15k 143
211 100 12144 piPlus_100GeV_15k 144
211 100 12145 piPlus_100GeV_15k 145
211 100 12146 piPlus_100GeV_15k 146
211 100 12147 piPlus_100GeV_15k 147
211 100 12148 piPlus_100GeV_15k 148
211 100 12149 piPlus_100GeV_15k 149
-211 300 32000 piMinus_300GeV_15k 0
-211 300 32001 piMinus_300GeV_15k 1
-211 300 32002 piMinus_300GeV_15k 2
-211 300 32003 piMinus_300GeV_15k 3
-211 300 32004 piMinus_300GeV_15k 4
-211 300 32005 piMinus_300GeV_15k 5
-211 300 32006 piMinus_300GeV_15k 6
-211 300 32007 piMinus_300GeV_15k 7
-211 300 32008 piMinus_300GeV_15k 8
-211 300 32009 piMinus_300GeV_15k 9
-211 300 32010 piMinus_300GeV_15k 10
-211 300 32011 piMinus_300GeV_15k 11
-211 300 32012 piMinus_300GeV_15k 12
-211 300 32013 piMinus_300GeV_15k 13
-211 300 32014 piMinus_300GeV_15k 14
-211 300 32015 piMinus_300GeV_15k 15
-211 300 32016 piMinus_300GeV_15k 16
-211 300 32017 piMinus_300GeV_15k 17
-211 300 32018 piMinus_300GeV_15k 18
-211 300 32019 piMinus_300GeV_15k 19
-211 300 32020 piMinus_300GeV_15k 20
-211 300 32021 piMinus_300GeV_15k 21
-211 300 32022 piMinus_300GeV_15k 22
-211 300 32023 piMinus_300GeV_15k 23
-211 300 32024 piMinus_300GeV_15k 24
-211 300 32025 piMinus_300GeV_15k 25
-211 300 32026 piMinus_300GeV_15k 26
-211 300 32027 piMinus_300GeV_15k 27
-211 300 32028 piMinus_300GeV_15k 28
-211 300 32029 piMinus_300GeV_15k 29
-211 300 32030 piMinus_300GeV_15k 30
-211 300 32031 piMinus_300GeV_15k 31
-211 300 32032 piMinus_300GeV_15k 32
-211 300 32033 piMinus_300GeV_15k 33
-211 300 32034 piMinus_300GeV_15k 34
-211 300 32035 piMinus_300GeV_15k 35
-211 300 32036 piMinus_300GeV_15k 36
-211 300 32037 piMinus_300GeV_15k 37
-211 300 32038 piMinus_300GeV_15k 38
-211 300 32039 piMinus_300GeV_15k 39
-211 300 32040 piMinus_300GeV_15k 40
-211 300 32041 piMinus_300GeV_15k 41
-211 300 32042 piMinus_300GeV_15k 42
-211 300 32043 piMinus_300GeV_15k 43
-211 300 32044 piMinus_300GeV_15k 44
-211 300 32045 piMinus_300GeV_15k 45
-211 300 32046 piMinus_300GeV_15k 46
-211 300 32047 piMinus_300GeV_15k 47
-211 300 32048 piMinus_300GeV_15k 48
-211 300 32049 piMinus_300GeV_15k 49
-211 300 32050 piMinus_300GeV_15k 50
-211 300 32051 piMinus_300GeV_15k 51
-211 300 32052 piMinus_300GeV_15k 52
-211 300 32053 piMinus_300GeV_15k 53
-211 300 32054 piMinus_300GeV_15k 54
-211 300 32055 piMinus_300GeV_15k 55
-211 300 32056 piMinus_300GeV_15k 56
-211 300 32057 piMinus_300GeV_15k 57
-211 300 32058 piMinus_300GeV_15k 58
-211 300 32059 piMinus_300GeV_15k 59
-211 300 32060 piMinus_300GeV_15k 60
-211 300 32061 piMinus_300GeV_15k 61
-211 300 32062 piMinus_300GeV_15k 62
-211 300 32063 piMinus_300GeV_15k 63
-211 300 32064 piMinus_300GeV_15k 64
-211 300 32065 piMinus_300GeV_15k 65
-211 300 32066 piMinus_300GeV_15k 66
-211 300 32067 piMinus_300GeV_15k 67
-211 300 32068 piMinus_300GeV_15k 68
-211 300 32069 piMinus_300GeV_15k 69
-211 300 32070 piMinus_300GeV_15k 70
-211 300 32071 piMinus_300GeV_15k 71
-211 300 32072 piMinus_300GeV_15k 72
-211 300 32073 piMinus_300GeV_15k 73
-211 300 32074 piMinus_300GeV_15k 74
-211 300 32075 piMinus_300GeV_15k 75
-211 300 32076 piMinus_300GeV_15k 76
-211 300 32077 piMinus_300GeV_15k 77
-211 300 32078 piMinus_300GeV_15k 78
-211 300 32079 piMinus_300GeV_15k 79
-211 300 32080 piMinus_300GeV_15k 80
-211 300 32081 piMinus_300GeV_15k 81
-211 300 32082 piMinus_300GeV_15k 82
-211 300 32083 piMinus_300GeV_15k 83
-211 300 32084 piMinus_300GeV_15k 84
-211 300 32085 piMinus_300GeV_15k 85
-211 300 32086 piMinus_300GeV_15k 86
-211 300 32087 piMinus_300GeV_15k 87
-211 300 32088 piMinus_300GeV_15k 88
-211 300 32089 piMinus_300GeV_15k 89
-211 300 32090 piMinus_300GeV_15k 90
-211 300 32091 piMinus_300GeV_15k 91
-211 300 32092 piMinus_300GeV_15k 92
-211 300 32093 piMinus_300GeV_15k 93
-211 300 32094 piMinus_300GeV_15k 94
-211 300 32095 piMinus_300GeV_15k 95
-211 300 32096 piMinus_300GeV_15k 96
-211 300 32097 piMinus_300GeV_15k 97
-211 300 32098 piMinus_300GeV_15k 98
-211 300 32099 piMinus_300GeV_15k 99
-211 300 32100 piMinus_300GeV_15k 100
-211 300 32101 piMinus_300GeV_15k 101
-211 300 32102 piMinus_300GeV_15k 102
-211 300 32103 piMinus_300GeV_15k 103
-211 300 32104 piMinus_300GeV_15k 104
-211 300 32105 piMinus_300GeV_15k 105
-211 300 32106 piMinus_300GeV_15k 106
-211 300 32107 piMinus_300GeV_15k 107
-211 300 32108 piMinus_300GeV_15k 108
-211 300 32109 piMinus_300GeV_15k 109
-211 300 32110 piMinus_300GeV_15k 110
-211 300 32111 piMinus_300GeV_15k 111
-211 300 32112 piMinus_300GeV_15k 112
-211 300 32113 piMinus_300GeV_15k 113
-211 300 32114 piMinus_300GeV_15k 114
-211 300 32115 piMinus_300GeV_15k 115
-211 300 32116 piMinus_300GeV_15k 116
-211 300 32117 piMinus_300GeV_15k 117
-211 300 32118 piMinus_300GeV_15k 118
-211 300 32119 piMinus_300GeV_15k 119
-211 300 32120 piMinus_300GeV_15k 120
-211 300 32121 piMinus_300GeV_15k 121
-211 300 32122 piMinus_300GeV_15k 122
-211 300 32123 piMinus_300GeV_15k 123
-211 300 32124 piMinus_300GeV_15k 124
-211 300 32125 piMinus_300GeV_15k 125
-211 300 32126 piMinus_300GeV_15k 126
-211 300 32127 piMinus_300GeV_15k 127
-211 300 32128 piMinus_300GeV_15k 128
-211 300 32129 piMinus_300GeV_15k 129
-211 300 32130 piMinus_300GeV_15k 130
-211 300 32131 piMinus_300GeV_15k 131
-211 300 32132 piMinus_300GeV_15k 132
-211 300 32133 piMinus_300GeV_15k 133
-211 300 32134 piMinus_300GeV_15k 134
-211 300 32135 piMinus_300GeV_15k 135
-211 300 32136 piMinus_300GeV_15k 136
-211 300 32137 piMinus_300GeV_15k 137
-211 300 32138 piMinus_300GeV_15k 138
-211 300 32139 piMinus_300GeV_15k 139
-211 300 32140 piMinus_300GeV_15k 140
-211 300 32141 piMinus_300GeV_15k 141
-211 300 32142 piMinus_300GeV_15k 142
-211 300 32143 piMinus_300GeV_15k 143
-211 300 32144 piMinus_300GeV_15k 144
-211 300 32145 piMinus_300GeV_15k 145
-211 300 32146 piMinus_300GeV_15k 146
-211 300 32147 piMinus_300GeV_15k 147
-211 300 32148 piMinus_300GeV_15k 148
-211 300 32149 piMinus_300GeV_15k 149
